BOX:  1 SUBJECT:       24 EXPERIMENT:        0 GROUP:     EC F MSN: SAFRcue6hrIRTLeft
START: 07/17/19  09:01:32  END: 07/17/19  15:07:14
B:
     0:     51.000     18.000     51.000      0.000      1.000
     5:      0.000     51.000     15.000      0.000
C:
     0:     27.900      0.400     27.600    126.200      1.100
     5:    120.600     22.100    106.500     61.500      7.900
    10:     89.100      5.600     10.800     12.400     53.600
    15:     58.600    196.000    606.100    181.000    318.100
    20:      1.900   1506.600   1164.800   1181.700     42.100
    25:    725.700    573.800    124.200    397.100   1848.300
    30:     38.900    316.300    360.900   1235.100    226.300
    35:    229.400    698.200     64.900    820.500   1137.900
    40:    454.800     23.400    892.000    269.900    674.200
    45:    217.200   1271.400     13.600    150.400    323.800
    50:   1120.300    438.600
F:
     0:     50.000      0.000      0.000      0.000      0.000
     5:      0.000      0.000      0.000      0.000      0.000
    10:      0.000      0.000      0.000      0.000      0.000
    15:      0.000      0.000      0.000      0.000      0.000
    20:      0.000      0.000      0.000      0.000      0.000
    25:      0.000      0.000      0.000      0.000      0.000
    30:      0.000      0.000      0.000      0.000      0.000
    35:      0.000      0.000      0.000      0.000      0.000
    40:      0.000



BOX:  2 SUBJECT:       17 EXPERIMENT:        0 GROUP:     EC F MSN: SAFRcue6hrIRTRight1
START: 07/17/19  09:01:32  END: 07/17/19  15:07:14
B:
     0:     34.000      1.000     34.000      0.000      1.000
     5:      0.000     34.000     23.000      0.000
C:
     0:      2.000      8.700   2939.800     10.200    508.400
     5:      2.300    265.300     58.800    270.500     87.700
    10:    169.100    270.100    205.800    122.800    307.900
    15:   1701.400   4473.100    114.100    207.000     11.800
    20:    143.500   1247.700     95.100   1783.500      9.900
    25:      7.000    141.800   3021.300    105.700    403.400
    30:    983.300      7.000   1102.600      1.700    127.900
F:
     0:     32.000      0.000      0.000      0.000      0.000
     5:      0.000      0.000      0.000      0.000      0.000
    10:      0.000      0.000      0.000      0.000      0.000
    15:      0.000      0.000      0.000      0.000      0.000
    20:      0.000      0.000      0.000      0.000      0.000
    25:      0.000      0.000      0.000      0.000      0.000
    30:      0.000      0.000      0.000      0.000      0.000
    35:      0.000      0.000      0.000      0.000      0.000
    40:      0.000



BOX:  3 SUBJECT:       20 EXPERIMENT:        0 GROUP:     EC F MSN: SAFRcue6hrIRTLeft
START: 07/17/19  09:01:32  END: 07/17/19  15:07:14
B:
     0:     48.000   2026.000     48.000      0.000      1.000
     5:      0.000     48.000     18.000     24.000
C:
     0:     76.400     15.800     18.900   2787.700    172.400
     5:    329.500     95.100     64.400     55.800      9.800
    10:     16.400     16.000    447.900    237.200     66.400
    15:     82.900    254.600     84.100    211.100     35.700
    20:      9.200     27.100   4617.100     19.400     23.300
    25:      8.000   1426.000     10.100     12.500     12.700
    30:     22.800   2152.100    451.300      4.700     21.800
    35:      2.700   1585.200    649.200    270.400     48.900
    40:     84.600    155.100   1802.700     86.500   1095.700
    45:      8.100     91.000    459.600    401.800
F:
     0:     47.000      0.000      0.000      0.000      0.000
     5:      0.000      0.000      0.000      0.000      0.000
    10:      0.000      0.000      0.000      0.000      0.000
    15:      0.000      0.000      0.000      0.000      0.000
    20:      0.000      0.000      0.000      0.000      0.000
    25:      0.000      0.000      0.000      0.000      0.000
    30:      0.000      0.000      0.000      0.000      0.000
    35:      0.000      0.000      0.000      0.000      0.000
    40:      0.000



BOX:  4 SUBJECT:       18 EXPERIMENT:        0 GROUP:     EC F MSN: SAFRcue6hrIRTRight1
START: 07/17/19  09:01:32  END: 07/17/19  15:07:14
B:
     0:     66.000      3.000     66.000      0.000      1.000
     5:      0.000     66.000    100.000      2.000
C:
     0:     17.800    206.500      7.600    124.200     25.100
     5:     15.500     19.800      5.000      2.900      0.200
    10:     20.000     13.000      5.500     37.200     11.400
    15:      5.000     40.900     26.300     13.400     23.900
    20:      3.100     44.300     67.200     19.500     34.500
    25:      8.000    157.000      8.800      9.800   3820.200
    30:    151.100    850.900    287.600    137.800   1111.600
    35:      0.600     93.400    914.500    210.600   1055.500
    40:     52.600    176.600      5.400     51.000   1240.500
    45:      5.100   1048.000    359.400     27.500    447.500
    50:      6.700   1157.900     52.400     14.100    926.900
    55:    396.300     14.200      9.100      2.900   1610.800
    60:    267.300    303.200    973.100     19.900    694.900
    65:    331.700    474.100
F:
     0:     64.000      0.000      0.000      0.000      0.000
     5:      0.000      0.000      0.000      0.000      0.000
    10:      0.000      0.000      0.000      0.000      0.000
    15:      0.000      0.000      0.000      0.000      0.000
    20:      0.000      0.000      0.000      0.000      0.000
    25:      0.000      0.000      0.000      0.000      0.000
    30:      0.000      0.000      0.000      0.000      0.000
    35:      0.000      0.000      0.000      0.000      0.000
    40:      0.000



BOX:  5 SUBJECT:       14 EXPERIMENT:        0 GROUP:     IC F MSN: SAFRcue6hrIRTLeft
START: 07/17/19  09:01:32  END: 07/17/19  15:07:14
B:
     0:     61.000      3.000     61.000      0.000      1.000
     5:      0.000     61.000     40.000      8.000
C:
     0:      0.600      5.800     11.700      4.900     15.200
     5:      4.400     56.500     50.700     20.300     45.400
    10:      1.300     14.800    500.100    281.100    144.400
    15:     49.200     67.500     10.600     28.400     58.400
    20:     59.500     11.100   2372.400    648.500     92.800
    25:     57.500   2335.800     88.000    142.700     36.600
    30:   1514.200    109.800     40.000      0.100    604.900
    35:    699.300    170.000    755.800     70.300    170.300
    40:   1051.100    442.600     58.500    346.900    515.900
    45:    125.700    320.800     42.300    464.400    341.400
    50:    431.400    527.100    104.000    619.600    442.800
    55:    485.400    798.500    555.900      7.400     40.900
    60:    955.000    348.200
F:
     0:     60.000      0.000      0.000      0.000      0.000
     5:      0.000      0.000      0.000      0.000      0.000
    10:      0.000      0.000      0.000      0.000      0.000
    15:      0.000      0.000      0.000      0.000      0.000
    20:      0.000      0.000      0.000      0.000      0.000
    25:      0.000      0.000      0.000      0.000      0.000
    30:      0.000      0.000      0.000      0.000      0.000
    35:      0.000      0.000      0.000      0.000      0.000
    40:      0.000



BOX:  6 SUBJECT:       21 EXPERIMENT:        0 GROUP:     EC F MSN: SAFRcue6hrIRTRight1
START: 07/17/19  09:01:32  END: 07/17/19  15:07:14
B:
     0:     43.000      0.000     43.000      0.000      1.000
     5:      0.000     43.000     23.000      2.000
C:
     0:     28.900      3.200     18.800   5812.600    238.300
     5:    548.900     62.100    808.000    121.400    910.100
    10:     25.400     49.900     33.900      8.000     16.400
    15:      3.600     32.200     21.700     69.700      0.900
    20:     34.400     78.400     27.900     51.600     28.600
    25:     59.600   3455.900    279.100     96.400    869.400
    30:    268.000     30.000   1607.600     70.600   1053.500
    35:     91.100    966.900    187.600    294.000    383.400
    40:    463.500    509.800    832.700    183.500
F:
     0:     42.000      0.000      0.000      0.000      0.000
     5:      0.000      0.000      0.000      0.000      0.000
    10:      0.000      0.000      0.000      0.000      0.000
    15:      0.000      0.000      0.000      0.000      0.000
    20:      0.000      0.000      0.000      0.000      0.000
    25:      0.000      0.000      0.000      0.000      0.000
    30:      0.000      0.000      0.000      0.000      0.000
    35:      0.000      0.000      0.000      0.000      0.000
    40:      0.000



BOX:  8 SUBJECT:       22 EXPERIMENT:        0 GROUP:     EC F MSN: SAFRcue6hrIRTRight1
START: 07/17/19  09:01:32  END: 07/17/19  15:07:14
B:
     0:     60.000      2.000     60.000      0.000      1.000
     5:      0.000     60.000     11.000      0.000
C:
     0:    127.300      2.500     62.400     18.300    110.900
     5:     84.100     18.200     34.400      2.100      1.100
    10:      3.200      0.800     63.400     25.800    135.400
    15:    144.200     42.400     14.300     51.700    159.000
    20:   3023.900    216.900    442.200      7.600    109.700
    25:    750.400   1048.400     81.900      2.600    933.900
    30:    822.600     56.000    150.600    573.700    158.400
    35:     31.900      6.900   1621.600    115.000     20.600
    40:   1451.800     39.500     92.000    159.200    169.100
    45:   1391.800     47.600    156.400     36.500     28.400
    50:   1629.900    118.900     36.400   1017.300     77.500
    55:    178.100    506.200    976.600     64.800    107.400
    60:    835.000
F:
     0:     59.000      0.000      0.000      0.000      0.000
     5:      0.000      0.000      0.000      0.000      0.000
    10:      0.000      0.000      0.000      0.000      0.000
    15:      0.000      0.000      0.000      0.000      0.000
    20:      0.000      0.000      0.000      0.000      0.000
    25:      0.000      0.000      0.000      0.000      0.000
    30:      0.000      0.000      0.000      0.000      0.000
    35:      0.000      0.000      0.000      0.000      0.000
    40:      0.000


BOX:  9 SUBJECT:       19 EXPERIMENT:        0 GROUP:     EC F MSN: SAFRcue6hrIRTLeft
START: 07/17/19  09:01:32  END: 07/17/19  15:07:14
B:
     0:     29.000     12.000     29.000      0.000      1.000
     5:      0.000     29.000     14.000      2.000
C:
     0:    565.700     27.400    316.000    471.700     70.900
     5:    150.100     15.200      5.100      3.900     15.900
    10:      4.500     33.700      4.300     12.400     33.400
    15:     37.000    197.200    122.900   9854.100    821.300
    20:   1939.800    976.300    430.600     68.200   1240.700
    25:    438.700   2745.700    309.900     43.000     62.900
F:
     0:     26.000      0.000      0.000      0.000      0.000
     5:      0.000      0.000      0.000      0.000      0.000
    10:      0.000      0.000      0.000      0.000      0.000
    15:      0.000      0.000      0.000      0.000      0.000
    20:      0.000      0.000      0.000      0.000      0.000
    25:      0.000      0.000      0.000      0.000      0.000
    30:      0.000      0.000      0.000      0.000      0.000
    35:      0.000      0.000      0.000      0.000      0.000
    40:      0.000



BOX: 10 SUBJECT:       15 EXPERIMENT:        0 GROUP:     SC F MSN: SAFRcue6hrIRTRight1
START: 07/17/19  09:01:32  END: 07/17/19  15:07:14
B:
     0:    114.000      5.000    114.000      0.000      1.000
     5:      0.000    114.000    270.000      2.000
C:
     0:     53.200      1.800      4.200     37.700      1.000
     5:      2.600      1.900     39.300     27.900    392.600
    10:     20.100    308.700     18.800     60.100      0.500
    15:    169.900     45.200     11.900      1.300      7.200
    20:     10.800     27.600     28.100      9.100      4.200
    25:     19.900      4.900      0.700     10.100      0.400
    30:     49.700   2876.000     11.300     14.700     27.700
    35:     27.800     10.900      4.600     16.100      3.000
    40:     37.100   2022.400     81.400    120.500     11.500
    45:     39.500     15.000      1.600     90.100      2.500
    50:     13.600      1.100     46.100   2448.600     16.400
    55:      5.300     38.600     45.900     10.100      7.900
    60:      3.400      7.700      4.200     13.200      0.500
    65:      1.100     22.000      8.600      0.200      2.200
    70:      4.100     10.100   2624.000    131.300    317.000
    75:      4.000      3.000      2.600      0.500      1.000
    80:      1.900      6.600     14.000      4.900     15.700
    85:      0.400   2342.800      0.100     11.300      8.600
    90:      0.900     38.800     11.100     36.100      9.600
    95:      6.100      0.100     16.200      0.100     15.800
   100:    254.200   2401.200     13.000     72.700     10.600
   105:      8.000      1.100      9.000      5.500      0.400
   110:      1.200      5.500     14.800     21.600   1374.500
F:
     0:    114.000      0.000      0.000      0.000      0.000
     5:      0.000      0.000      0.000      0.000      0.000
    10:      0.000      0.000      0.000      0.000      0.000
    15:      0.000      0.000      0.000      0.000      0.000
    20:      0.000      0.000      0.000      0.000      0.000
    25:      0.000      0.000      0.000      0.000      0.000
    30:      0.000      0.000      0.000      0.000      0.000
    35:      0.000      0.000      0.000      0.000      0.000
    40:      0.000



BOX: 12 SUBJECT:       13 EXPERIMENT:        0 GROUP:     IC F MSN: SAFRcue6hrIRTRight1
START: 07/17/19  09:01:32  END: 07/17/19  15:07:14
B:
     0:     51.000      4.000     51.000      0.000      1.000
     5:      0.000     51.000     22.000      0.000
C:
     0:     20.800     25.100     17.500      4.800     35.600
     5:      7.400      1.100      6.000     10.200     10.100
    10:     49.000     10.600     14.600     15.400    120.500
    15:     62.700     53.500      4.800   3262.600    108.800
    20:      8.300   1271.300     65.700      8.000   1203.700
    25:     85.200      2.500    819.900    620.700     53.100
    30:    327.400   1148.400    787.800    155.100   1228.700
    35:     12.600   1630.400    335.300    815.100     81.100
    40:    701.700     11.400   1862.500    209.900    856.500
    45:    188.800    221.000     14.100   1138.100    372.800
    50:     27.800    471.000
F:
     0:     49.000      0.000      0.000      0.000      0.000
     5:      0.000      0.000      0.000      0.000      0.000
    10:      0.000      0.000      0.000      0.000      0.000
    15:      0.000      0.000      0.000      0.000      0.000
    20:      0.000      0.000      0.000      0.000      0.000
    25:      0.000      0.000      0.000      0.000      0.000
    30:      0.000      0.000      0.000      0.000      0.000
    35:      0.000      0.000      0.000      0.000      0.000
    40:      0.000



BOX:  7 SUBJECT:       16 EXPERIMENT:        0 GROUP:     SC F MSN: SAFRcue6hrIRTLeft
START: 07/17/19  09:01:32  END: 07/17/19  15:07:16
B:
     0:     74.000     12.000     74.000      0.000      1.000
     5:      0.000     74.000     54.000     12.000
C:
     0:     21.700     24.500     31.400     17.400      8.400
     5:      5.100      3.100     38.200     10.200      5.100
    10:      8.400      8.600      7.700      2.800    157.900
    15:     57.800     57.300     58.800      3.400     58.600
    20:     55.600     12.000     24.400    123.200    143.500
    25:     56.800    149.300    115.300     57.600   2223.700
    30:    720.100      4.600     42.700     31.100    299.000
    35:   1880.500    291.900    754.900    350.200    161.800
    40:    503.900    239.100    963.600     18.000      1.100
    45:     12.000   1415.600    292.800     81.400      1.000
    50:    180.300    752.700     54.900    662.100    133.300
    55:     85.800    319.600      8.000     58.200   1604.100
    60:     88.600     27.700    465.800     65.200     55.000
    65:   1072.400     38.100    101.600   1327.100     18.400
    70:    166.600    747.000    190.100    297.900      2.000
F:
     0:     74.000      0.000      0.000      0.000      0.000
     5:      0.000      0.000      0.000      0.000      0.000
    10:      0.000      0.000      0.000      0.000      0.000
    15:      0.000      0.000      0.000      0.000      0.000
    20:      0.000      0.000      0.000      0.000      0.000
    25:      0.000      0.000      0.000      0.000      0.000
    30:      0.000      0.000      0.000      0.000      0.000
    35:      0.000      0.000      0.000      0.000      0.000
    40:      0.000